rho_m_observed[0] = 2.1885692612110716, rho_m_inversed[0] = 2.1885692612110716
rho_s_observed[0] = 2.4721148498610512, rho_s_inversed[0] = 2.4721148498610512
Kf_observed[0] = 1.3137756815113473, Kf_inversed[0] = 1.3137756815113473
rho_f_observed[0] = 0.6901555314483372, rho_f_inversed[0] = 0.6901555314483372
phi_observed[0] = 0.05213817256347822, phi_inversed[0] = 0.05213817256347822
rho_m_observed[1] = 2.291596170247537, rho_m_inversed[1] = 2.291596170247537
rho_s_observed[1] = 2.434799280470327, rho_s_inversed[1] = 2.434799280470327
Kf_observed[1] = 1.600177707060517, Kf_inversed[1] = 1.600177707060517
rho_f_observed[1] = 1.5406760449460606, rho_f_inversed[1] = 1.5406760449460606
phi_observed[1] = 0.049869906341830195, phi_inversed[1] = 0.049869906341830195
rho_m_observed[2] = 2.4628142161307593, rho_m_inversed[2] = 2.4628142161307593
rho_s_observed[2] = 2.3457686650232485, rho_s_inversed[2] = 2.3457686650232485
Kf_observed[2] = 2.6519810812953826, Kf_inversed[2] = 2.6519810812953826
rho_f_observed[2] = 0.028270548496760285, rho_f_inversed[2] = 0.028270548496760285
phi_observed[2] = 0.05048126377934402, phi_inversed[2] = 0.05048126377934402
rho_m_observed[3] = 2.084082648795119, rho_m_inversed[3] = 2.084082648795119
rho_s_observed[3] = 2.3580765990311154, rho_s_inversed[3] = 2.3580765990311154
Kf_observed[3] = 0.17668385880922494, Kf_inversed[3] = 0.17668385880922494
rho_f_observed[3] = 1.4448290909676633, rho_f_inversed[3] = 1.4448290909676633
phi_observed[3] = 0.17925165306279353, phi_inversed[3] = 0.17925165306279353
rho_m_observed[4] = 2.8630280891085493, rho_m_inversed[4] = 2.8630280891085493
rho_s_observed[4] = 2.2110956796604557, rho_s_inversed[4] = 2.2110956796604557
Kf_observed[4] = 0.8389970257650038, Kf_inversed[4] = 0.8389970257650038
rho_f_observed[4] = 1.0688737733885727, rho_f_inversed[4] = 1.0688737733885727
phi_observed[4] = 0.1434063360597498, phi_inversed[4] = 0.1434063360597498
rho_m_observed[5] = 2.9044749072287046, rho_m_inversed[5] = 2.9044749072287046
rho_s_observed[5] = 2.35785273174162, rho_s_inversed[5] = 2.35785273174162
Kf_observed[5] = 2.8158749697182253, Kf_inversed[5] = 2.8158749697182253
rho_f_observed[5] = 0.8344522857100667, rho_f_inversed[5] = 0.8344522857100667
phi_observed[5] = 0.1300288906084071, phi_inversed[5] = 0.1300288906084071
rho_m_observed[6] = 2.5808824432911277, rho_m_inversed[6] = 2.5808824432911277
rho_s_observed[6] = 2.3840176556515003, rho_s_inversed[6] = 2.3840176556515003
Kf_observed[6] = 1.5852024791175203, Kf_inversed[6] = 1.5852024791175203
rho_f_observed[6] = 0.4262783163110712, rho_f_inversed[6] = 0.4262783163110712
phi_observed[6] = 0.04686061079838618, phi_inversed[6] = 0.04686061079838618
rho_m_observed[7] = 2.3291689938450872, rho_m_inversed[7] = 2.3291689938450872
rho_s_observed[7] = 2.3695321344663673, rho_s_inversed[7] = 2.3695321344663673
Kf_observed[7] = 1.9947321081725593, Kf_inversed[7] = 1.9947321081725593
rho_f_observed[7] = 1.8183558363950443, rho_f_inversed[7] = 1.8183558363950443
phi_observed[7] = 0.03267408023758136, phi_inversed[7] = 0.03267308023758136
